12 16
149
10 12 15 29 39 43 55 67 68 70 72 75 102 108 118 150
11 13 23 34 42 47 65 88 93 99 104 110 124 128 134 182
14 21 33 36 44 49 81 90 97 103 105 122 142 148 154 186
16 24 35 37 56 66 82 92 100 107 114 136 143 153 174 187
17 27 38 46 57 69 84 95 111 120 129 141 149 170 176 190
18 28 40 51 60 74 85 96 121 126 138 144 161 171 179 192
19 30 48 53 63 76 89 106 125 130 139 147 164 173 180 194
20 31 50 54 64 78 94 113 127 131 140 156 167 175 183 195
22 32 52 61 71 79 98 116 132 135 157 162 169 178 184 196
25 45 59 62 73 80 112 117 137 151 160 163 172 181 193 199
26 58 83 86 101 109 119 123 145 155 165 168 177 189 197 200
41 77 87 91 115 133 146 152 158 159 166 185 188 191 198 201